426.82 0.1172 0.0356
436.99 0.1339 0.0447
447.17 0.1355 0.0419
457.34 0.1434 0.0453
467.52 0.1546 0.053
477.69 0.1636 0.0591
487.87 0.173 0.0594
498.04 0.1883 0.0651
508.22 0.2014 0.0663
518.39 0.2131 0.0626
528.57 0.2261 0.0648
538.74 0.2373 0.0609
548.92 0.2456 0.0561
559.09 0.2532 0.0517
569.27 0.2598 0.048
579.45 0.262 0.0398
589.62 0.2632 0.0282
599.8 0.2638 0.0157
609.97 0.2551 0.0067
620.15 0.2543 0.0038
630.32 0.2511 0.0035
640.5 0.2474 0.0018
650.67 0.2451 0.0018
660.85 0.2331 0.0014
671.02 0.2306 0
681.2 0.2254 0
691.37 0.2187 0
701.55 0.2064 0
