   4.0000000e+02   4.2097067e-03
   4.0100000e+02   4.1911037e-03
   4.0200000e+02   4.2520498e-03
   4.0300000e+02   4.1467884e-03
   4.0400000e+02   4.2553611e-03
   4.0500000e+02   4.2285768e-03
   4.0600000e+02   4.1856483e-03
   4.0700000e+02   4.0555901e-03
   4.0800000e+02   4.1239438e-03
   4.0900000e+02   4.0736299e-03
   4.1000000e+02   4.1307679e-03
   4.1100000e+02   4.0500037e-03
   4.1200000e+02   4.0544785e-03
   4.1300000e+02   3.9703229e-03
   4.1400000e+02   3.9437486e-03
   4.1500000e+02   3.9897301e-03
   4.1600000e+02   3.8389086e-03
   4.1700000e+02   3.8263993e-03
   4.1800000e+02   3.8118483e-03
   4.1900000e+02   3.8272258e-03
   4.2000000e+02   3.8801290e-03
   4.2100000e+02   3.8506311e-03
   4.2200000e+02   3.7013679e-03
   4.2300000e+02   3.7345539e-03
   4.2400000e+02   3.7325590e-03
   4.2500000e+02   3.6912707e-03
   4.2600000e+02   3.7085814e-03
   4.2700000e+02   3.6817403e-03
   4.2800000e+02   3.6051523e-03
   4.2900000e+02   3.6055563e-03
   4.3000000e+02   3.5169877e-03
   4.3100000e+02   3.6682101e-03
   4.3200000e+02   3.5343859e-03
   4.3300000e+02   3.5207644e-03
   4.3400000e+02   3.5587405e-03
   4.3500000e+02   3.5265650e-03
   4.3600000e+02   3.5678023e-03
   4.3700000e+02   3.5388506e-03
   4.3800000e+02   3.6303580e-03
   4.3900000e+02   3.6197558e-03
   4.4000000e+02   3.4772198e-03
   4.4100000e+02   3.6084401e-03
   4.4200000e+02   3.5571389e-03
   4.4300000e+02   3.6054767e-03
   4.4400000e+02   3.6500517e-03
   4.4500000e+02   3.7392885e-03
   4.4600000e+02   3.6782752e-03
   4.4700000e+02   3.7966015e-03
   4.4800000e+02   3.7088613e-03
   4.4900000e+02   3.8006510e-03
   4.5000000e+02   3.8205013e-03
   4.5100000e+02   3.8246328e-03
   4.5200000e+02   3.8777488e-03
   4.5300000e+02   3.9004540e-03
   4.5400000e+02   3.8459439e-03
   4.5500000e+02   3.8672149e-03
   4.5600000e+02   4.0496996e-03
   4.5700000e+02   3.9335467e-03
   4.5800000e+02   3.9380424e-03
   4.5900000e+02   4.0618667e-03
   4.6000000e+02   4.1498048e-03
   4.6100000e+02   4.1540636e-03
   4.6200000e+02   4.1091742e-03
   4.6300000e+02   4.1870533e-03
   4.6400000e+02   4.2509689e-03
   4.6500000e+02   4.3984426e-03
   4.6600000e+02   4.2875819e-03
   4.6700000e+02   4.4725009e-03
   4.6800000e+02   4.4802667e-03
   4.6900000e+02   4.4753528e-03
   4.7000000e+02   4.4870811e-03
   4.7100000e+02   4.5929096e-03
   4.7200000e+02   4.6632881e-03
   4.7300000e+02   4.6472599e-03
   4.7400000e+02   4.8064590e-03
   4.7500000e+02   4.7902546e-03
   4.7600000e+02   4.8851010e-03
   4.7700000e+02   4.9910000e-03
   4.7800000e+02   4.9813708e-03
   4.7900000e+02   5.0556360e-03
   4.8000000e+02   5.1978135e-03
   4.8100000e+02   5.1641559e-03
   4.8200000e+02   5.3429337e-03
   4.8300000e+02   5.4296059e-03
   4.8400000e+02   5.4192038e-03
   4.8500000e+02   5.3761806e-03
   4.8600000e+02   5.4799838e-03
   4.8700000e+02   5.4100359e-03
   4.8800000e+02   5.6545425e-03
   4.8900000e+02   5.6988802e-03
   4.9000000e+02   5.7349417e-03
   4.9100000e+02   5.6548278e-03
   4.9200000e+02   5.8013490e-03
   4.9300000e+02   5.7163340e-03
   4.9400000e+02   5.8855006e-03
   4.9500000e+02   5.9213297e-03
   4.9600000e+02   5.9406646e-03
   4.9700000e+02   6.0056469e-03
   4.9800000e+02   6.1371224e-03
   4.9900000e+02   6.1160679e-03
   5.0000000e+02   6.3272683e-03
   5.0100000e+02   6.3685713e-03
   5.0200000e+02   6.5114849e-03
   5.0300000e+02   6.5900083e-03
   5.0400000e+02   6.6474738e-03
   5.0500000e+02   6.5442440e-03
   5.0600000e+02   6.6367625e-03
   5.0700000e+02   6.7965983e-03
   5.0800000e+02   6.9298103e-03
   5.0900000e+02   7.0198483e-03
   5.1000000e+02   6.9952097e-03
   5.1100000e+02   7.1660331e-03
   5.1200000e+02   7.1761536e-03
   5.1300000e+02   7.3187370e-03
   5.1400000e+02   7.2631505e-03
   5.1500000e+02   7.2808974e-03
   5.1600000e+02   7.3346149e-03
   5.1700000e+02   7.6334944e-03
   5.1800000e+02   7.8184236e-03
   5.1900000e+02   7.8184279e-03
   5.2000000e+02   7.8251136e-03
   5.2100000e+02   8.0048280e-03
   5.2200000e+02   8.0834001e-03
   5.2300000e+02   8.2585602e-03
   5.2400000e+02   8.4565699e-03
   5.2500000e+02   8.6319756e-03
   5.2600000e+02   8.7281753e-03
   5.2700000e+02   9.0179983e-03
   5.2800000e+02   9.0109008e-03
   5.2900000e+02   9.3264547e-03
   5.3000000e+02   9.3482290e-03
   5.3100000e+02   9.5956084e-03
   5.3200000e+02   9.4091163e-03
   5.3300000e+02   9.7212682e-03
   5.3400000e+02   9.6940364e-03
   5.3500000e+02   1.0004033e-02
   5.3600000e+02   1.0131915e-02
   5.3700000e+02   9.9677766e-03
   5.3800000e+02   1.0179309e-02
   5.3900000e+02   1.0303015e-02
   5.4000000e+02   1.0651506e-02
   5.4100000e+02   1.0869042e-02
   5.4200000e+02   1.0764746e-02
   5.4300000e+02   1.1101552e-02
   5.4400000e+02   1.1166544e-02
   5.4500000e+02   1.0951411e-02
   5.4600000e+02   1.1347315e-02
   5.4700000e+02   1.1338730e-02
   5.4800000e+02   1.1706138e-02
   5.4900000e+02   1.1331656e-02
   5.5000000e+02   1.1664832e-02
   5.5100000e+02   1.1747237e-02
   5.5200000e+02   1.1869718e-02
   5.5300000e+02   1.2184938e-02
   5.5400000e+02   1.2142535e-02
   5.5500000e+02   1.2599335e-02
   5.5600000e+02   1.2601490e-02
   5.5700000e+02   1.2532213e-02
   5.5800000e+02   1.2785087e-02
   5.5900000e+02   1.3274004e-02
   5.6000000e+02   1.3304001e-02
   5.6100000e+02   1.3174842e-02
   5.6200000e+02   1.3348344e-02
   5.6300000e+02   1.3610273e-02
   5.6400000e+02   1.3502063e-02
   5.6500000e+02   1.3982013e-02
   5.6600000e+02   1.3694922e-02
   5.6700000e+02   1.4128327e-02
   5.6800000e+02   1.3761268e-02
   5.6900000e+02   1.4116993e-02
   5.7000000e+02   1.3807084e-02
   5.7100000e+02   1.3765771e-02
   5.7200000e+02   1.3543391e-02
   5.7300000e+02   1.3736161e-02
   5.7400000e+02   1.3694958e-02
   5.7500000e+02   1.3507531e-02
   5.7600000e+02   1.3220727e-02
   5.7700000e+02   1.3137403e-02
   5.7800000e+02   1.2939093e-02
   5.7900000e+02   1.2768215e-02
   5.8000000e+02   1.2558781e-02
   5.8100000e+02   1.2411153e-02
   5.8200000e+02   1.1713576e-02
   5.8300000e+02   1.1649370e-02
   5.8400000e+02   1.1066777e-02
   5.8500000e+02   1.0683244e-02
   5.8600000e+02   1.0553186e-02
   5.8700000e+02   1.0132210e-02
   5.8800000e+02   9.7877348e-03
   5.8900000e+02   9.5255744e-03
   5.9000000e+02   9.2350162e-03
   5.9100000e+02   8.6562868e-03
   5.9200000e+02   8.3876376e-03
   5.9300000e+02   7.9438106e-03
   5.9400000e+02   7.7649645e-03
   5.9500000e+02   7.4506199e-03
   5.9600000e+02   6.7974712e-03
   5.9700000e+02   6.4762429e-03
   5.9800000e+02   6.0428277e-03
   5.9900000e+02   5.6189960e-03
   6.0000000e+02   5.3250547e-03
   6.0100000e+02   4.8855492e-03
   6.0200000e+02   4.6252257e-03
   6.0300000e+02   4.3983428e-03
   6.0400000e+02   4.4409830e-03
   6.0500000e+02   4.2704371e-03
   6.0600000e+02   4.1796661e-03
   6.0700000e+02   4.1510007e-03
   6.0800000e+02   4.0907822e-03
   6.0900000e+02   4.0808440e-03
   6.1000000e+02   4.0341308e-03
   6.1100000e+02   4.0315209e-03
   6.1200000e+02   3.9627992e-03
   6.1300000e+02   4.0148842e-03
   6.1400000e+02   3.8529032e-03
   6.1500000e+02   3.8071434e-03
   6.1600000e+02   3.7721102e-03
   6.1700000e+02   3.7292396e-03
   6.1800000e+02   3.7458770e-03
   6.1900000e+02   3.7070265e-03
   6.2000000e+02   3.6484796e-03
   6.2100000e+02   3.6721612e-03
   6.2200000e+02   3.6102242e-03
   6.2300000e+02   3.6027639e-03
   6.2400000e+02   3.6070144e-03
   6.2500000e+02   3.5922950e-03
   6.2600000e+02   3.4254450e-03
   6.2700000e+02   3.3737429e-03
   6.2800000e+02   3.4304929e-03
   6.2900000e+02   3.3271761e-03
   6.3000000e+02   3.3797644e-03
   6.3100000e+02   3.3422590e-03
   6.3200000e+02   3.3534352e-03
   6.3300000e+02   3.2767789e-03
   6.3400000e+02   3.2571953e-03
   6.3500000e+02   3.2913089e-03
   6.3600000e+02   3.2727768e-03
   6.3700000e+02   3.2130737e-03
   6.3800000e+02   3.1690285e-03
   6.3900000e+02   3.1295205e-03
   6.4000000e+02   3.1795269e-03
   6.4100000e+02   3.0816721e-03
   6.4200000e+02   3.0017048e-03
   6.4300000e+02   3.0656548e-03
   6.4400000e+02   2.9815633e-03
   6.4500000e+02   2.9932670e-03
   6.4600000e+02   2.9821774e-03
   6.4700000e+02   2.8972812e-03
   6.4800000e+02   2.9142601e-03
   6.4900000e+02   2.8486684e-03
   6.5000000e+02   2.8637244e-03
   6.5100000e+02   2.7673757e-03
   6.5200000e+02   2.6461625e-03
   6.5300000e+02   2.5227302e-03
   6.5400000e+02   2.4957301e-03
   6.5500000e+02   2.4476782e-03
   6.5600000e+02   2.3566165e-03
   6.5700000e+02   2.2818434e-03
   6.5800000e+02   2.2879267e-03
   6.5900000e+02   2.2003469e-03
   6.6000000e+02   2.1997797e-03
   6.6100000e+02   2.1092500e-03
   6.6200000e+02   2.1046886e-03
   6.6300000e+02   2.0390423e-03
   6.6400000e+02   2.0518584e-03
   6.6500000e+02   2.0237361e-03
   6.6600000e+02   1.9666972e-03
   6.6700000e+02   1.9304947e-03
   6.6800000e+02   1.9608622e-03
   6.6900000e+02   1.9575736e-03
   6.7000000e+02   1.8887489e-03
   6.7100000e+02   1.9136987e-03
   6.7200000e+02   1.8900299e-03
   6.7300000e+02   1.9229408e-03
   6.7400000e+02   1.9208768e-03
   6.7500000e+02   1.8734386e-03
   6.7600000e+02   1.9250839e-03
   6.7700000e+02   1.9288756e-03
   6.7800000e+02   1.8858276e-03
   6.7900000e+02   1.9172390e-03
   6.8000000e+02   1.8928462e-03
   6.8100000e+02   1.8617157e-03
   6.8200000e+02   1.8707771e-03
   6.8300000e+02   1.8957089e-03
   6.8400000e+02   1.9345460e-03
   6.8500000e+02   1.9513181e-03
   6.8600000e+02   1.9518311e-03
   6.8700000e+02   1.9149771e-03
   6.8800000e+02   1.9379771e-03
   6.8900000e+02   1.9051662e-03
   6.9000000e+02   1.9125170e-03
   6.9100000e+02   1.9066497e-03
   6.9200000e+02   1.9453220e-03
   6.9300000e+02   1.9221931e-03
   6.9400000e+02   1.8893531e-03
   6.9500000e+02   1.9086230e-03
   6.9600000e+02   1.8622679e-03
   6.9700000e+02   1.8384184e-03
   6.9800000e+02   1.8892184e-03
   6.9900000e+02   1.8509037e-03
   7.0000000e+02   1.8672097e-03
