   4.0000000e+02   2.4574233e-02
   4.0100000e+02   2.5187873e-02
   4.0200000e+02   2.4868335e-02
   4.0300000e+02   2.6221319e-02
   4.0400000e+02   2.6256989e-02
   4.0500000e+02   2.6002615e-02
   4.0600000e+02   2.6446269e-02
   4.0700000e+02   2.7004811e-02
   4.0800000e+02   2.7761103e-02
   4.0900000e+02   2.8056159e-02
   4.1000000e+02   2.7354639e-02
   4.1100000e+02   2.8564079e-02
   4.1200000e+02   2.8758141e-02
   4.1300000e+02   2.8314874e-02
   4.1400000e+02   2.8799246e-02
   4.1500000e+02   2.8054732e-02
   4.1600000e+02   2.8458815e-02
   4.1700000e+02   2.9138013e-02
   4.1800000e+02   2.8964967e-02
   4.1900000e+02   2.9095116e-02
   4.2000000e+02   2.8633098e-02
   4.2100000e+02   2.7713864e-02
   4.2200000e+02   2.8603741e-02
   4.2300000e+02   2.8654561e-02
   4.2400000e+02   2.8354241e-02
   4.2500000e+02   2.8473642e-02
   4.2600000e+02   2.8493096e-02
   4.2700000e+02   2.8092505e-02
   4.2800000e+02   2.8426203e-02
   4.2900000e+02   2.7788058e-02
   4.3000000e+02   2.8430951e-02
   4.3100000e+02   2.7587313e-02
   4.3200000e+02   2.7897314e-02
   4.3300000e+02   2.7549840e-02
   4.3400000e+02   2.7497479e-02
   4.3500000e+02   2.8289678e-02
   4.3600000e+02   2.7872343e-02
   4.3700000e+02   2.7176157e-02
   4.3800000e+02   2.7713095e-02
   4.3900000e+02   2.6388193e-02
   4.4000000e+02   2.6669260e-02
   4.4100000e+02   2.6405102e-02
   4.4200000e+02   2.6679047e-02
   4.4300000e+02   2.6567160e-02
   4.4400000e+02   2.5743596e-02
   4.4500000e+02   2.5992102e-02
   4.4600000e+02   2.5768466e-02
   4.4700000e+02   2.5846147e-02
   4.4800000e+02   2.5761999e-02
   4.4900000e+02   2.5656271e-02
   4.5000000e+02   2.4982901e-02
   4.5100000e+02   2.5435601e-02
   4.5200000e+02   2.5413316e-02
   4.5300000e+02   2.4943537e-02
   4.5400000e+02   2.5051200e-02
   4.5500000e+02   2.5641187e-02
   4.5600000e+02   2.6307377e-02
   4.5700000e+02   2.5735065e-02
   4.5800000e+02   2.6119206e-02
   4.5900000e+02   2.5766076e-02
   4.6000000e+02   2.6445715e-02
   4.6100000e+02   2.5919559e-02
   4.6200000e+02   2.6264782e-02
   4.6300000e+02   2.6571378e-02
   4.6400000e+02   2.6904954e-02
   4.6500000e+02   2.7095452e-02
   4.6600000e+02   2.6699428e-02
   4.6700000e+02   2.6305019e-02
   4.6800000e+02   2.6369891e-02
   4.6900000e+02   2.6515330e-02
   4.7000000e+02   2.7230028e-02
   4.7100000e+02   2.6572420e-02
   4.7200000e+02   2.7285420e-02
   4.7300000e+02   2.6625392e-02
   4.7400000e+02   2.7449546e-02
   4.7500000e+02   2.6762555e-02
   4.7600000e+02   2.6543687e-02
   4.7700000e+02   2.6578659e-02
   4.7800000e+02   2.6998547e-02
   4.7900000e+02   2.6825609e-02
   4.8000000e+02   2.6681101e-02
   4.8100000e+02   2.7293946e-02
   4.8200000e+02   2.7042321e-02
   4.8300000e+02   2.7034168e-02
   4.8400000e+02   2.7502435e-02
   4.8500000e+02   2.6773543e-02
   4.8600000e+02   2.7312581e-02
   4.8700000e+02   2.7284918e-02
   4.8800000e+02   2.6833521e-02
   4.8900000e+02   2.7072688e-02
   4.9000000e+02   2.6498485e-02
   4.9100000e+02   2.6428317e-02
   4.9200000e+02   2.6960243e-02
   4.9300000e+02   2.7229550e-02
   4.9400000e+02   2.7397696e-02
   4.9500000e+02   2.6423937e-02
   4.9600000e+02   2.6864752e-02
   4.9700000e+02   2.6670263e-02
   4.9800000e+02   2.6089142e-02
   4.9900000e+02   2.6470326e-02
   5.0000000e+02   2.6260967e-02
   5.0100000e+02   2.6883435e-02
   5.0200000e+02   2.6196422e-02
   5.0300000e+02   2.6316128e-02
   5.0400000e+02   2.5742842e-02
   5.0500000e+02   2.6103027e-02
   5.0600000e+02   2.5613897e-02
   5.0700000e+02   2.5967361e-02
   5.0800000e+02   2.5804535e-02
   5.0900000e+02   2.5567322e-02
   5.1000000e+02   2.4941745e-02
   5.1100000e+02   2.4251693e-02
   5.1200000e+02   2.4133758e-02
   5.1300000e+02   2.4704398e-02
   5.1400000e+02   2.3822419e-02
   5.1500000e+02   2.4483388e-02
   5.1600000e+02   2.4311479e-02
   5.1700000e+02   2.4944479e-02
   5.1800000e+02   2.4050757e-02
   5.1900000e+02   2.4518991e-02
   5.2000000e+02   2.4221446e-02
   5.2100000e+02   2.5258555e-02
   5.2200000e+02   2.4301043e-02
   5.2300000e+02   2.5278517e-02
   5.2400000e+02   2.5481087e-02
   5.2500000e+02   2.5694543e-02
   5.2600000e+02   2.4876326e-02
   5.2700000e+02   2.5294752e-02
   5.2800000e+02   2.5222525e-02
   5.2900000e+02   2.5946197e-02
   5.3000000e+02   2.5636094e-02
   5.3100000e+02   2.6220797e-02
   5.3200000e+02   2.5421873e-02
   5.3300000e+02   2.5588649e-02
   5.3400000e+02   2.5562827e-02
   5.3500000e+02   2.5661688e-02
   5.3600000e+02   2.6527154e-02
   5.3700000e+02   2.6205907e-02
   5.3800000e+02   2.6214618e-02
   5.3900000e+02   2.5814774e-02
   5.4000000e+02   2.6712849e-02
   5.4100000e+02   2.6423742e-02
   5.4200000e+02   2.6087816e-02
   5.4300000e+02   2.6223313e-02
   5.4400000e+02   2.6005818e-02
   5.4500000e+02   2.5541208e-02
   5.4600000e+02   2.5590844e-02
   5.4700000e+02   2.5318167e-02
   5.4800000e+02   2.5240103e-02
   5.4900000e+02   2.5147762e-02
   5.5000000e+02   2.5191956e-02
   5.5100000e+02   2.4616599e-02
   5.5200000e+02   2.5401702e-02
   5.5300000e+02   2.5397502e-02
   5.5400000e+02   2.4958639e-02
   5.5500000e+02   2.5020345e-02
   5.5600000e+02   2.4841709e-02
   5.5700000e+02   2.5456588e-02
   5.5800000e+02   2.4842493e-02
   5.5900000e+02   2.4518601e-02
   5.6000000e+02   2.5221939e-02
   5.6100000e+02   2.4661202e-02
   5.6200000e+02   2.4371382e-02
   5.6300000e+02   2.4506540e-02
   5.6400000e+02   2.4211548e-02
   5.6500000e+02   2.4291829e-02
   5.6600000e+02   2.4955068e-02
   5.6700000e+02   2.4746877e-02
   5.6800000e+02   2.4149340e-02
   5.6900000e+02   2.3446598e-02
   5.7000000e+02   2.3481216e-02
   5.7100000e+02   2.3314574e-02
   5.7200000e+02   2.3509550e-02
   5.7300000e+02   2.2396950e-02
   5.7400000e+02   2.2142624e-02
   5.7500000e+02   2.1989544e-02
   5.7600000e+02   2.1976173e-02
   5.7700000e+02   2.1578127e-02
   5.7800000e+02   2.1049367e-02
   5.7900000e+02   2.0446914e-02
   5.8000000e+02   2.0123519e-02
   5.8100000e+02   1.9270439e-02
   5.8200000e+02   1.9040840e-02
   5.8300000e+02   1.7942122e-02
   5.8400000e+02   1.7670734e-02
   5.8500000e+02   1.6649425e-02
   5.8600000e+02   1.6103546e-02
   5.8700000e+02   1.5630712e-02
   5.8800000e+02   1.5081256e-02
   5.8900000e+02   1.3990486e-02
   5.9000000e+02   1.3910503e-02
   5.9100000e+02   1.3073450e-02
   5.9200000e+02   1.2222353e-02
   5.9300000e+02   1.1572034e-02
   5.9400000e+02   1.1009484e-02
   5.9500000e+02   1.0411132e-02
   5.9600000e+02   9.7139137e-03
   5.9700000e+02   8.9999645e-03
   5.9800000e+02   8.4150062e-03
   5.9900000e+02   7.7256298e-03
   6.0000000e+02   7.0721646e-03
   6.0100000e+02   6.5478863e-03
   6.0200000e+02   6.2649828e-03
   6.0300000e+02   5.9145424e-03
   6.0400000e+02   5.7029072e-03
   6.0500000e+02   5.6919247e-03
   6.0600000e+02   5.6002913e-03
   6.0700000e+02   5.4471737e-03
   6.0800000e+02   5.4147050e-03
   6.0900000e+02   5.3789993e-03
   6.1000000e+02   5.2620979e-03
   6.1100000e+02   5.2538972e-03
   6.1200000e+02   5.2635571e-03
   6.1300000e+02   5.1820384e-03
   6.1400000e+02   5.3040398e-03
   6.1500000e+02   5.1328680e-03
   6.1600000e+02   5.1032814e-03
   6.1700000e+02   5.0543215e-03
   6.1800000e+02   5.0211119e-03
   6.1900000e+02   5.0120179e-03
   6.2000000e+02   4.9294036e-03
   6.2100000e+02   5.0042914e-03
   6.2200000e+02   4.8386873e-03
   6.2300000e+02   4.7447259e-03
   6.2400000e+02   4.8724967e-03
   6.2500000e+02   4.8623408e-03
   6.2600000e+02   4.6790440e-03
   6.2700000e+02   4.5444900e-03
   6.2800000e+02   4.5358494e-03
   6.2900000e+02   4.5542696e-03
   6.3000000e+02   4.5797832e-03
   6.3100000e+02   4.4425357e-03
   6.3200000e+02   4.4414842e-03
   6.3300000e+02   4.4216565e-03
   6.3400000e+02   4.3124726e-03
   6.3500000e+02   4.2784802e-03
   6.3600000e+02   4.2612644e-03
   6.3700000e+02   4.2146244e-03
   6.3800000e+02   4.1978703e-03
   6.3900000e+02   4.1906118e-03
   6.4000000e+02   4.0896960e-03
   6.4100000e+02   4.0385735e-03
   6.4200000e+02   4.0534669e-03
   6.4300000e+02   3.8672767e-03
   6.4400000e+02   4.0043792e-03
   6.4500000e+02   3.9492553e-03
   6.4600000e+02   3.8372730e-03
   6.4700000e+02   3.7847140e-03
   6.4800000e+02   3.6783755e-03
   6.4900000e+02   3.6820399e-03
   6.5000000e+02   3.7315672e-03
   6.5100000e+02   3.5504029e-03
   6.5200000e+02   3.4399377e-03
   6.5300000e+02   3.3095568e-03
   6.5400000e+02   3.2773946e-03
   6.5500000e+02   3.2294049e-03
   6.5600000e+02   3.1298302e-03
   6.5700000e+02   2.9924488e-03
   6.5800000e+02   2.9069683e-03
   6.5900000e+02   2.9180241e-03
   6.6000000e+02   2.7345436e-03
   6.6100000e+02   2.7881601e-03
   6.6200000e+02   2.7424548e-03
   6.6300000e+02   2.6949605e-03
   6.6400000e+02   2.5935701e-03
   6.6500000e+02   2.5940315e-03
   6.6600000e+02   2.5800328e-03
   6.6700000e+02   2.5974792e-03
   6.6800000e+02   2.5190798e-03
   6.6900000e+02   2.5744376e-03
   6.7000000e+02   2.4940799e-03
   6.7100000e+02   2.5314700e-03
   6.7200000e+02   2.4901793e-03
   6.7300000e+02   2.5092021e-03
   6.7400000e+02   2.5003722e-03
   6.7500000e+02   2.5193501e-03
   6.7600000e+02   2.4877426e-03
   6.7700000e+02   2.3988419e-03
   6.7800000e+02   2.4196781e-03
   6.7900000e+02   2.3579628e-03
   6.8000000e+02   2.3320351e-03
   6.8100000e+02   2.3827289e-03
   6.8200000e+02   2.3333648e-03
   6.8300000e+02   2.3129200e-03
   6.8400000e+02   2.3430463e-03
   6.8500000e+02   2.2997140e-03
   6.8600000e+02   2.2743291e-03
   6.8700000e+02   2.2731425e-03
   6.8800000e+02   2.2448897e-03
   6.8900000e+02   2.2020306e-03
   6.9000000e+02   2.1442457e-03
   6.9100000e+02   2.1189829e-03
   6.9200000e+02   2.1505681e-03
   6.9300000e+02   2.0431808e-03
   6.9400000e+02   2.0605880e-03
   6.9500000e+02   2.0072760e-03
   6.9600000e+02   2.0429706e-03
   6.9700000e+02   1.9849184e-03
   6.9800000e+02   1.9353181e-03
   6.9900000e+02   1.9044545e-03
   7.0000000e+02   1.8437066e-03
